39
40
41
42
44
45
46
47
48
49
50
51
52
53
54
55
56
57
60
61
62
64
65
66
67
69
70
71
72
73
74
75
76
77
78
79
80
82
84
85
86
87
93
94
95
96
97
98
99
100
101
102
103
104
105
106
107
108
109
110
111
112
113
114
115
116
117
118
119
120
121
122
123
124
125
126
127
128
129
130
131
132
133
134
135
136
137
138
139
140
141
142
143
144
145
146
147
148
149
150
151
152
153
154
155
156
157
158
159
160
161
162
163
164
165
166
167
168
169
170
171
172
173
174
175
176
177
178
179
180
181
182
183
184
185
186
187
188
189
190
191
193
194
195
196
197
198
199
200
201
202
203
205
206
207
208
209
210
211
212
213
214
215
216
217
218
219
220
221
223
226
227
228
229
231
232
233
234
238
241
242
243
244
245
247
248
249
251
252
253
255
256
259
260
261
263
264
265
267
268
269
270
271
272
273
274
275
276
277
278
279
280
281
282
283
284
285
286
287
288
289
290
291
292
294
295
296
297
298
299
300
301
302
303
304
305
306
307
308
310
311
315
317
318
320
321
322
323
324
325
326
327
328
329
331
332
333
334
335
336
337
338
339
340
341
342
343
344
346
347
348
349
350
351
352
353
355
356
357
359
360
361
362
363
364
366
367
368
369
370
372
375
376
377
379
380
381
382
383
384
385
386
388
389
391
392
393
394
395
396
397
398
399
401
402
403
404
406
407
408
409
413
414
415
416
418
420
421
422
424
426
427
428
429
430
431
432
433
435
436
437
438
439
440
443
444
445
446
447
448
449
451
452
453
454
455
457
458
459
460
461
464
465
466
467
468
469
470
471
472
473
474
475
476
478
479
480
481
482
483
484
485
487
488
489
490
492
494
495
496
497
498
499
500
501
505
506
507
508
511
513
514
515
516
517
518
519
520
521
522
524
528
529
531
533
534
535
537
539
540
541
543
544
545
546
547
548
549
550
551
552
553
554
556
557
558
560
561
562
563
564
565
566
567
568
569
570
571
573
574
576
577
578
579
581
582
583
585
586
587
589
590
591
592
593
595
596
597
598
599
600
603
605
606
607
608
609
611
612
613
614
615
616
617
618
619
620
622
623
625
626
627
628
629
630
631
632
633
634
635
636
637
638
640
641
642
643
644
645
646
647
648
649
650
651
652
654
655
656
657
659
660
663
664
667
669
670
671
673
674
675
676
678
680
682
683
684
685
687
688
689
691
692
694
695
697
699
700
701
702
703
706
707
708
709
710
711
712
713
714
716
717
718
719
720
721
723
724
726
727
728
729
730
731
732
733
734
736
738
739
740
741
742
743
745
746
747
748
749
750
752
753
754
755
756
757
758
759
760
761
762
763
764
765
766
767
768
769
770
771
772
773
774
776
778
779
780
781
782
783
784
785
786
787
788
791
792
793
794
795
797
800
801
802
804
805
807
808
809
810
811
812
814
815
816
817
818
819
820
821
822
823
824
825
826
827
828
829
830
831
832
833
834
836
837
840
841
843
845
847
848
849
851
852
853
854
855
856
858
859
860
861
864
865
866
868
869
871
872
873
874
875
876
878
879
880
881
882
883
884
885
886
887
888
889
890
894
895
896
898
899
902
903
905
906
907
908
909
910
911
912
913
914
915
916
919
920
921
922
923
925
926
927
928
929
930
932
933
936
937
938
939
940
941
942
945
949
950
951
952
954
959
962
965
966
968
969
970
971
972
973
974
975
979
980
981
983
985
986
987
988
989
990
992
993
994
995
997
998
1000
1001
1002
1003
1005
1006
1008
1010
1011
1013
1014
1015
1017
1018
1020
1021
1022
1023
1024
1025
1026
1027
1028
1029
1030
1031
1032
1033
1034
1036
1037
1038
1040
1041
1042
1043
1044
1045
1046
1047
1049
1050
1052
1053
1054
1056
1057
1058
1060
1061
1063
1064
1066
1067
1068
1070
1071
1072
1073
1074
1075
1076
1077
1079
1082
1083
1084
1086
1087
1088
1090
1091
1092
1093
1095
1096
1097
1098
1101
1102
1104
1105
1106
1107
1108
1109
1110
1111
1112
1113
1114
1115
1116
1117
1118
1119
1120
1121
1122
1123
1124
1125
1126
1128
1131
1132
1133
1134
1135
1136
1138
1139
1140
1142
1143
1145
1146
1148
1150
1151
1153
1154
1156
1157
1159
1162
1164
1165
1166
1169
1170
1171
1172
1174
1175
1176
1177
1178
1179
1180
1181
1182
1183
1184
1185
1186
1187
1189
1190
1191
1192
1193
1194
1196
1197
1198
1199
1200
1202
1203
1204
1205
1207
1208
1209
1211
1212
1213
1214
1215
1217
1218
1219
1220
1221
1223
1225
1226
1229
1230
1231
1232
1233
1234
1236
1237
1238
1240
1241
1242
1243
1245
1246
1247
1248
1249
1251
1252
1253
1254
1255
1256
1258
1260
1262
1263
1264
1265
1266
1267
1269
1270
1271
1272
1274
1275
1276
1277
1278
1279
1280
1281
1285
1286
1287
1290
1291
1292
1293
1295
1297
1298
1299
1300
1302
1303
1304
1305
1306
1307
1309
1310
1311
1316
1317
1318
1319
1320
1321
1322
1326
1327
1328
1329
1331
1333
1334
1335
1336
1337
1338
1339
1340
1341
1342
1344
1345
1346
1347
1348
1349
1350
1351
1352
1354
1355
1357
1358
1359
1360
1361
1363
1365
1367
1368
1369
1371
1374
1375
1376
1377
1378
1379
1380
1381
1382
1383
1385
1386
1387
1388
1389
1390
1391
1392
1394
1395
1396
1398
1399
1400
1401
1402
1403
1404
1405
1406
1407
1409
1410
1411
1412
1413
1414
1416
1417
1418
1419
1420
1421
1422
1423
1424
1425
1429
1431
1434
1435
1436
1438
1439
1442
1443
1444
1445
1447
1448
1451
1452
1453
1454
1455
1456
1459
1460
1461
1463
1464
1468
1469
1470
1471
1472
1473
1475
1476
1477
1478
1479
1481
1482
1483
1484
1485
1486
1487
1488
1489
1490
1491
1493
1494
1495
1496
1497
1498
1499
1500
1501
1502
1503
1504
1505
1506
1507
1508
1510
1511
1512
1513
1514
1517
1518
1519
1520
1521
1522
1523
1524
1525
1526
1527
1528
1529
1530
1531
1532
1533
1534
1535
1536
1537
1538
1540
1544
1545
1546
1549
1550
1551
1553
1554
1555
1556
1557
1559
1560
1561
1562
1563
1564
1565
1568
1569
1571
1572
1573
1574
1575
1577
1579
1581
1582
1583
1584
1585
1586
1587
1588
1589
1590
1591
1592
1593
1594
1595
1596
1597
1599
1600
1601
1602
1603
1605
1606
1608
1609
1611
1613
1616
1617
1619
1620
1623
1626
1627
1628
1629
1630
1631
1632
1633
1635
1636
1639
1640
1641
1643
1644
1646
1647
1649
1650
1651
1653
1654
1657
1658
1660
1661
1662
1668
1670
1671
1672
1673
1677
1678
1682
1685
1686
1689
1690
1692
1693
1694
1695
1697
1698
1699
1701
1702
1703
1707
1708
1709
1711
1712
1713
1714
1716
1718
1721
1722
1723
1726
1728
1730
1731
1732
1733
1734
1735
1736
1739
1740
1742
1743
1744
1745
1746
1747
1748
1749
1750
1751
1752
1753
1755
1756
1759
1760
1761
1762
1763
1764
1765
1766
1767
1768
1769
1770
1771
1772
1773
1774
1775
1776
1779
1781
1782
1783
1784
1786
1787
1788
1790
1791
1792
1794
1796
1797
1799
1800
1802
1804
1805
1807
1808
1809
1811
1813
1814
1815
1816
1817
1818
1819
1820
1821
1823
1825
1826
1827
1829
1830
1832
1833
1834
1835
1836
1837
1838
1839
1840
1841
1842
1843
1844
1845
1846
1847
1848
1850
1851
1852
1853
1854
1855
1856
1857
1859
1860
1861
1862
1863
1864
1865
1866
1867
1868
1869
1870
1871
1872
1873
1875
1876
1877
1878
1879
1880
1881
1883
1884
1886
1887
1888
1889
1893
1895
1898
1899
1900
1901
1902
1904
1905
1906
1907
1908
1909
1910
1911
1912
1913
1914
1917
1918
1919
1920
1921
1923
1924
1925
1927
1928
1929
1931
1932
1933
1935
1939
1941
1943
1947
1948
1949
1951
1952
1961
1968
1969
1971
1972
1973
1974
1975
1977
1978
1979
1980
1981
1983
1985
1986
1988
1989
1990
1991
1992
1993
1994
1995
1996
1998
1999
2000
2001
2002
2003
2004
2005
2006
2007
2008
2010
2011
2012
2013
2015
2016
2017
2018
2019
2020
2021
2022
2024
2026
2028
2029
2030
2031
2032
2034
2035
2036
2037
2038
2039
2040
2043
2044
2045
2046
2048
2049
2050
2051
2053
2054
2055
2056
2057
2058
2059
2060
2061
2062
2064
2065
2066
2069
2071
2072
2073
2074
2075
2076
2077
2078
2079
2080
2081
2082
2083
2084
2085
2086
2087
2088
2089
2090
2092
2094
2096
2097
2098
2099
2100
2103
2104
2105
2106
2107
2108
2112
2113
2114
2115
2116
2117
2119
2120
2121
2125
2126
2129
2135
2137
2138
2139
2140
2141
2145
2146
2148
2156
2157
2158
2160
2161
2170
2171
2172
2173
2174
2176
2177
2178
2179
2180
2181
2182
2183
2185
2186
2187
2188
2189
2190
2191
2193
2195
2196
2197
2198
2199
2200
2201
2202
2203
2207
2208
2209
2210
2211
2216
2217
2218
2219
2220
2221
2222
2223
2224
2226
2227
2229
2230
2232
2234
2236
2238
2240
2241
2242
2243
2245
2246
2247
2248
2249
2250
2251
2252
2253
2254
2255
2257
2258
2259
2260
2261
2262
2263
2265
2266
2267
2271
2272
2273
2274
2275
2276
2277
2278
2279
2280
2281
2282
2283
2284
2286
2287
2288
2289
2291
2292
2293
2294
2295
2296
2297
2299
2300
2301
2302
2303
2304
2305
2306
2309
2310
2311
2312
2313
2314
2315
2316
2317
2318
2319
2321
2322
2323
2324
2326
2327
2329
2330
2332
2333
2334
2335
2336
2337
2338
2339
2340
2343
2345
2346
2347
2348
2349
2350
2351
2352
2353
2354
2355
2356
2357
2358
2359
2360
2361
2362
2363
2364
2365
2367
2368
2369
2370
2371
2372
2373
2374
2375
2376
2377
2378
2379
2380
2381
2382
2383
2384
2385
2386
2387
2388
2389
2390
2391
2392
2393
2394
2395
2396
2397
2398
2400
2402
2403
2404
2405
2406
2407
2408
2409
2410
2411
2412
2413
2414
2415
2416
2418
2419
2420
2421
2422
2424
2425
2426
2427
2428
2429
2431
2432
2433
2434
2435
2436
2437
2439
2440
2441
2443
2444
2445
2446
2447
2448
2449
2450
2451
2452
2453
2454
2457
2458
2459
2460
2461
2462
2463
2464
2466
2467
2468
2469
2470
2471
2472
2473
2474
2475
2476
2478
2479
2480
2482
2483
2484
2486
2487
2488
2489
2490
2491
2492
2493
2494
2495
2496
2497
2498
2499
2500
2502
2505
2506
2508
2509
2512
2514
2515
2516
2517
2518
2520
2521
2522
2523
2524
2525
2529
2530
2532
2536
2537
2539
2540
2541
2542
2543
2545
2546
2547
2549
2550
2551
2552
2553
2554
2555
2556
2558
2560
2561
2562
2564
2565
2567
2568
2569
2570
2571
2572
2573
2574
2575
2580
2581
2582
2583
2584
2585
2587
2588
2589
2590
2591
2592
2594
2597
2598
2600
2601
2602
2604
2605
2606
2607
2608
2609
2610
2611
2612
2613
2614
2615
2616
2617
2620
2621
2622
2623
2625
2626
2627
2628
2629
2630
2631
2632
2633
2634
2635
2636
2637
2638
2639
2640
2641
2642
2643
2646
2649
2651
2652
2653
2654
2655
2656
2657
2659
2661
2662
2663
2664
2665
2666
2667
2668
2669
2670
2671
2672
2673
2674
2675
2676
2678
2679
2680
2681
2682
2683
2684
2685
2686
2687
2688
2689
2690
2691
2692
2693
2694
2695
2696
2697
2698
2699
2700
2701
2702
2703
2704
2705
2706
2707
2708
2709
2710
2711
2712
2713
2715
2716
2717
2718
2719
2720
2721
2722
2723
2724
2725
2726
2727
2728
2730
2731
2733
2734
2735
2736
2737
2739
2740
2741
2742
2743
2744
2745
2746
2747
2748
2749
2750
2751
2752
2753
2755
2756
2757
2758
2759
2760
2761
2762
2763
2764
2765
2767
2768
2769
2771
2772
2773
2774
2775
2776
2777
2778
2779
2780
2781
2782
2783
2784
2785
2786
2787
2788
2789
2790
2791
2792
2793
2794
2795
2797
2798
2799
2800
2801
2802
2803
2804
2805
2806
2807
2808
2809
2811
2812
2813
2814
2815
2816
2817
2819
2820
2821
2822
2823
2824
2825
2826
2827
2828
2829
2830
2831
2832
2833
2834
2835
2836
2837
2839
2840
2841
2842
2843
2844
2845
2846
2847
2848
2849
2851
2852
2854
2855
2856
2857
2858
2859
2860
2861
2862
2863
2864
2865
2866
2867
2868
2869
2870
2871
2872
2873
2875
2876
2877
2878
2879
2880
2881
2882
2883
2884
2885
2886
2887
2888
2891
2892
2893
2895
2897
2898
2899
2900
2901
2903
2904
2905
2906
2907
2908
2909
2910
2911
2912
2913
2914
2915
2916
2917
2918
2919
2920
2921
2922
2923
2924
2925
2926
2927
2928
2929
2930
2931
2932
2933
2934
2935
2936
2937
2938
2939
2940
2941
2942
2944
2945
2946
2947
2950
2951
2952
2953
2954
2955
2956
2957
2958
2960
2961
2962
2963
2964
2965
2966
2967
2968
2969
2970
2971
2972
2973
2975
2976
2977
2978
2979
2980
2981
2982
2985
2989
2991
2992
2993
2994
2996
2999
3001
3002
3003
3004
3005
3006
3008
3009
3010
3011
3012
3013
3014
3015
3016
3017
3018
3020
3021
3022
3024
3025
3026
3027
3028
3031
3033
3034
3035
3036
3037
3038
3039
3041
3042
3044
3045
3049
3051
3052
3053
3054
3055
3056
3057
3058
3059
3060
3061
3062
3063
3064
3065
3066
3067
3068
3069
3070
3071
3072
3073
3074
3077
3078
3079
3083
3085
3086
3087
3088
3090
3091
3093
3094
3097
3098
3099
3100
3103
3104
3105
3106
3107
3108
3109
3110
3111
3112
3113
3114
3115
3116
3117
3118
3119
3120
3121
3124
3127
3131
3133
3134
3135
3136
3137
3138
3139
3140
3145
3146
3148
3149
3150
3151
3152
3153
3154
3155
3156
3157
3158
3159
3160
3161
3162
3163
3164
3165
3166
3168
3169
3170
3171
3173
3175
3176
3181
3188
3192
3194
3199
3201
3209
3210
3211
3212
3214
3215
3222
3224
3225
3231
3232
3236
3239
3241
3242
3243
3245
3247
3258
3259
3263
3264
3265
3266
3267
3276
3277
3278
3279
3280
3281
3293
3300
3301
3302
3304
3305
3307
3311
3318
3321
3322
3328
3329
3335
3342
3343
3344
3345
3352
3353
3354
3355
3356
3357
3358
3359
3360
3361
3362
3363
3364
3366
3367
3368
3369
3370
3371
3372
3373
3374
3375
3377
3378
3379
3380
3381
3382
3383
3385
3386
3387
3388
3389
3390
3391
3392
3393
3394
3395
3396
3397
3398
3399
3400
3401
3402
3403
3404
3405
3406
3407
3408
3410
3411
3413
3415
3416
3417
3418
3419
3420
3421
3422
3423
3424
3427
3428
3429
3430
3432
3433
3434
3435
3437
3438
3439
3440
3441
3443
3444
3445
3446
3448
3449
3450
3451
3452
3453
3454
3458
3459
3460
3461
3462
3463
3464
3465
3466
3467
3468
3469
3470
3471
3472
3473
3474
3475
3477
3478
3479
3480
3482
3483
3484
3485
3487
3489
3491
3492
3493
3494
3498
3499
3500
3501
3502
3503
3504
3505
3507
3508
3509
3510
3512
3513
3515
3516
3517
3518
3519
3520
3521
3522
3524
3525
3526
3527
3528
3529
3532
3533
3534
3536
3538
3539
3540
3541
3542
3543
3544
3545
3546
3547
3548
3549
3550
3552
3553
3554
3555
3556
3558
3559
3560
3562
3563
3564
3566
3567
3568
3569
3570
3571
3572
3574
3575
3576
3577
3579
3580
3581
3582
3583
3584
3585
3587
3588
3589
3590
3591
3592
3593
3594
3595
3596
3598
3599
3600
3601
3602
3603
3604
3605
3606
3607
3609
3610
3611
3612
3613
3614
3615
3616
3617
3618
3619
3620
3621
3622
3623
3624
3625
3626
3628
3629
3633
3635
3636
3637
3638
3639
3640
3641
3643
3644
3645
3646
3647
3648
3649
3650
3651
3652
3654
3655
3656
3657
3658
3659
3660
3661
3662
3663
3664
3665
3668
3669
3670
3671
3672
3673
3674
3675
3676
3677
3678
3679
3680
3681
3682
3683
3685
3686
3687
3689
3690
3691
3692
3693
3695
3696
3697
3698
3699
3700
3701
3702
3703
3704
3705
3707
3708
3709
3710
3712
3713
3714
3715
3716
3717
3718
3719
3720
3721
3722
3723
3724
3725
3726
3727
3728
3729
3730
3731
3732
3733
3734
3735
3737
3738
3739
3740
3741
3742
3743
3744
3745
3746
3748
3749
3750
3751
3752
3753
3754
3756
3757
3758
3761
3764
3765
3766
3767
3768
3769
3774
3775
3776
3777
3778
3779
3780
3781
3782
3783
3784
3785
3787
3788
3791
3794
3795
3796
3797
3798
3799
3800
3801
3802
3803
3804
3805
3806
3807
3808
3809
3811
3812
3813
3814
3815
3816
3817
3818
3819
3821
3822
3823
3824
3825
3826
3827
3828
3829
3830
3831
3832
3833
3834
3835
3836
3837
3838
3839
3840
3841
3842
3843
3844
3845
3846
3847
3848
3849
3850
3851
3852
3853
3854
3855
3856
3857
3858
3859
3860
3861
3862
3863
3864
3865
3866
3867
3868
3869
3870
3871
3872
3873
3874
3875
3878
3879
3880
3881
3882
3883
3884
3885
3886
3888
3889
3890
3891
3892
3893
3894
3895
3896
3897
3898
3899
3900
3902
3903
3904
3906
3907
3908
3909
3911
3912
3914
3915
3916
3917
3918
3919
3920
3922
3923
3924
3925
3926
3927
3928
3929
3930
3931
3932
3933
3934
3935
3936
3937
3939
3940
3941
3942
3943
3945
3946
3947
3950
3951
3952
3953
3954
3955
3956
3958
3959
3960
3961
3962
3963
3964
3965
3967
3968
3969
3970
3971
3973
3974
3975
3976
3977
3979
3980
3981
3982
3983
3984
3985
3986
3987
3988
3989
3990
3991
3993
3994
3995
3996
3997
3998
3999
4000
4001
4002
4003
4004
4005
4007
4008
4009
4010
4011
4012
4013
4014
4015
4016
4017
4020
4021
4022
4023
4025
4026
4027
4028
4029
4030
4032
4033
4034
4035
4036
4037
4038
4039
4040
4041
4042
4043
4044
4045
4046
4047
4048
4049
4050
4051
4052
4053
4054
4055
4056
4057
4058
4059
4060
4061
4062
4063
4064
4065
4066
4067
4068
4070
4071
4072
4073
4074
4075
4076
4077
4078
4079
4081
4082
4083
4085
4086
4087
4088
4089
4090
4091
4092
4094
4095
4096
4097
4099
4100
4101
4102
4103
4104
4105
4106
4107
4108
4109
4110
4111
4112
4113
4114
4116
4117
4118
4119
4120
4121
4122
4123
4124
4125
4126
4127
4128
4129
4130
4132
4133
4134
4135
4136
4137
4138
4139
4140
4143
4144
4145
4146
4147
4148
4149
4151
4152
4153
4155
4156
4157
4158
4159
4161
4162
4164
4165
4166
4167
4168
4169
4170
4171
4172
4173
4174
4175
4176
4177
4178
4179
4180
4181
4183
4184
4185
4186
4187
4188
4189
4191
4192
4193
4194
4195
4196
4197
4198
4199
4200
4201
4202
4203
4204
4205
4206
4207
4208
4209
4210
4211
4212
4213
4214
4215
4216
4217
4218
4219
4220
4221
4222
4223
4224
4225
4226
4227
4228
4229
4230
4231
4232
4233
4234
4235
4236
4237
4239
4240
4241
4242
4243
4244
4245
4246
4247
4248
4249
4250
4251
4252
4253
4254
4255
4256
4257
4258
4259
4260
4261
4262
4263
4264
4265
4266
4267
4268
4269
4270
4271
4272
4273
4274
4275
4276
4277
4278
4279
4280
4281
4282
4283
4284
4285
4286
4287
4288
4289
4290
4291
4292
4293
4294
4295
4296
4297
4298
4299
4300
4301
4302
4303
4304
4305
4306
4307
4308
4309
4310
4311
4312
4313
4314
4315
4317
4318
4319
4320
4321
4322
4323
4324
4325
4326
4327
4328
4329
4330
4331
4332
4333
4334
4335
4336
4337
4338
4339
4340
4341
4342
4343
4344
4345
4346
4347
4348
4349
4350
4351
4352
4353
4354
4355
4356
4357
4358
4359
4360
4361
4362
4363
4364
4365
4366
4367
4368
4369
4370
4371
4372
4373
4374
4375
4376
4377
4378
4379
4380
4381
4382
4383
4384
4385
4386
4387
4388
4389
4390
4391
4392
4393
4394
4395
4396
4397
4398
4399
4400
4401
4402
4403
4404
4405
4406
4407
4408
4409
4410
4411
4412
4413
4414
4415
4416
4417
4418
4419
4420
4421
4422
4423
4424
4425
4426
4427
4428
4429
4430
4431
4432
4433
4434
4435
4436
4437
4438
4439
4440
4441
4442
4443
4444
4445
4446
4447
4448
4449
4450
4451
4452
4453
4454
4455
4456
4457
4458
4459
4460
4461
4462
4463
4464
4465
4466
4467
4468
4469
4471
4473
4474
4475
4476
4477
4478
4479
4480
4481
4482
4483
4484
4485
4486
4487
4488
4489
4490
4491
4492
4494
4495
4496
4497
4498
4499
4500
4501
4502
4503
4504
4505
4506
4507
4508
4509
4510
4511
4512
4513
4514
4515
4516
4517
4518
4519
4520
4521
4522
4523
4524
4525
4526
4527
4528
4529
4530
4531
4532
4533
4534
4535
4536
4537
4539
4540
4541
4542
4543
4544
4545
4546
4547
4548
4549
4550
4551
4552
4554
4555
4556
4557
4558
4559
4560
4561
4562
4563
4564
4565
4566
4567
4568
4570
4571
4572
4573
4574
4576
4577
4578
4579
4580
4581
4582
4583
4584
4585
4586
4587
4588
4589
4590
4591
4592
4593
4594
4595
4597
4598
4599
4600
4601
4602
4603
4604
4605
4606
4607
4608
4610
4611
4612
4613
4614
4615
4616
4617
4618
4620
4621
4623
4626
4627
4628
4629
4630
4631
4632
4633
4634
4635
4636
4637
4639
4640
4641
4642
4643
4644
4645
4646
4647
4648
4649
4650
4651
4652
4653
4654
4655
4656
4657
4658
4659
4660
4661
4662
4663
4664
4665
4666
4667
4669
4670
4671
4672
4673
4674
4675
4676
4677
4678
4679
4680
4681
4682
4683
4684
4685
4686
4687
4688
4690
4692
4695
4696
4697
4698
4699
4700
4701
4702
4703
4704
4705
4706
4707
4708
4709
4710
4711
4712
4713
4714
4715
4716
4718
4719
4720
4721
4722
4723
4724
4725
4727
4728
4729
4731
4732
4733
4734
4737
4738
4739
4740
4741
4742
4743
4745
4746
4747
4748
4751
4752
4753
4756
4757
4758
4759
4760
4762
4763
4764
4765
4766
4767
4769
4771
4773
4774
4775
4776
4777
4779
4780
4781
4783
4785
4786
4787
4788
4790
4791
4792
4793
4794
4796
4797
4798
4799
4800
4801
4803
4804
4805
4807
4808
4809
4810
4811
4812
4813
4814
4815
4816
4817
4819
4820
4822
4823
4824
4825
4826
4827
4828
4829
4831
4832
4833
4834
4836
4837
4838
4839
4841
4842
4843
4844
4845
4846
4850
4851
4852
4853
4854
4855
4856
4857
4858
4859
4860
4862
4864
4865
4866
4867
4868
4869
4870
4871
4872
4873
4874
4875
4876
4877
4878
4880
4882
4884
4885
4886
4887
4888
4889
4890
4891
4892
4893
4894
4896
4897
4898
4900
4901
4902
4903
4904
4905
4906
4907
4908
4909
4910
4911
4912
4914
4915
4916
4917
4918
4919
4920
4921
4922
4923
4924
4925
4926
4927
4928
4929
4930
4931
4933
4934
4935
4936
4937
4938
4939
4940
4941
4942
4943
4944
4945
4946
4947
4948
4950
4951
4952
4953
4954
4955
4956
4957
4958
4960
4961
4963
4964
4966
4967
4968
4969
4970
4971
4972
4973
4974
4975
4976
4977
4978
4979
4980
4982
4983
4984
4985
4986
4987
4988
4989
4990
4991
4992
4993
4994
4995
4996
4998
4999
5000
5001
5002
5003
5004
5005
5006
5007
5008
5009
5010
5011
5012
5013
5014
5015
5016
5017
5018
5019
5021
5022
5023
5024
5025
5026
5027
5028
5029
5030
5031
5032
5033
5034
5035
5036
5037
5038
5039
5040
5041
5042
5043
5044
5047
5048
5049
5050
5051
5052
5053
5054
5055
5058
5059
5060
5061
5062
5063
5064
5065
5066
5067
5069
5070
5072
5073
5074
5075
5076
5077
5078
5079
5080
5081
5082
5083
5084
5085
5087
5088
5089
5090
5091
5092
5093
5094
5096
5097
5098
5099
5100
5101
5102
5103
5105
5107
5109
5110
5112
5113
5114
5115
5118
5119
5120
5121
5122
5123
5124
5127
5129
5131
5132
5133
5134
5135
5136
5137
5138
5140
5141
5142
5143
5145
5147
5148
5149
5150
5152
5153
5154
5155
5156
5157
5158
5160
5161
5162
5163
5164
5165
5166
5167
5168
5169
5171
5172
5173
5174
5175
5177
5178
5179
5180
5181
5182
5183
5184
5186
5187
5189
5190
5191
5193
5196
5197
5198
5199
5202
5203
5204
5205
5206
5207
5209
5210
5211
5212
5213
5214
5215
5216
5217
5220
5222
5223
5224
5226
5227
5228
5229
5230
5231
5234
5235
5236
5237
5239
5241
5242
5243
5245
5246
5247
5248
5249
5250
5251
5252
5253
5254
5257
5259
5260
5261
5262
5264
5266
5267
5268
5270
5271
5272
5273
5274
5275
5276
5278
5279
5280
5281
5282
5283
5284
5285
5286
5288
5289
5290
5291
5293
5294
5295
5296
5297
5298
5300
5301
5302
5304
5305
5306
5307
5308
5309
5310
5311
5312
5313
5314
5316
5317
5318
5319
5320
5321
5322
5323
5324
5325
5327
5329
5330
5330
5331
5334
5336
5338
5340
5341
5342
5346
5347
5348
5349
5350
5351
5352
5354
5356
5357
5359
5360
5363
5364
5365
5366
5367
5368
5369
5371
5372
5373
5376
5378
5379
5380
5381
5383
5384
5385
5386
5387
5388
5389
5390
5392
5396
5397
5399
5400
5401
5402
5403
5404
5405
5406
5408
5409
5410
5411
5413
5414
5415
5416
5418
5419
5420
5422
5423
5424
5426
5427
5428
5429
5430
5431
5432
5433
5435
5436
5437
5438
5439
5440
5441
5442
5443
5444
5445
5446
5448
5449
5450
5451
5453
5454
5455
5456
5457
5458
5459
5460
5461
5462
5463
5464
5465
5466
5467
5468
5469
5470
5472
5473
5476
5477
5478
5479
5481
5482
5483
5484
5485
5486
5487
5488
5489
5490
5491
5493
5494
5495
5496
5497
5498
5499
5500
5501
5502
5503
5504
5505
5506
5507
5508
5509
5510
5511
5512
5513
5514
5515
5518
5519
5520
5521
5522
5523
5525
5526
5527
5528
5529
5531
5532
5533
5534
5535
5536
5537
5538
5539
5540
5541
5542
5543
5544
5545
5546
5547
5548
5549
5550
5551
5552
5553
5554
5555
5556
5557
5558
5560
5561
5562
5563
5564
5565
5566
5567
5568
5569
5570
5571
5573
5574
5575
5577
5578
5579
5580
5581
5582
5583
5585
5587
5588
5589
5591
5592
5593
5594
5595
5596
5597
5598
5599
5600
5602
5603
5604
5605
5606
5607
5608
5609
5610
5611
5612
5613
5614
5615
5616
5617
5618
5619
5620
5621
5622
5623
5624
5625
5627
5628
5629
5630
5631
5632
5634
5635
5636
5638
5639
5640
5641
5642
5643
5644
5645
5647
5648
5649
5650
5651
5652
5653
5654
5655
5656
5657
5658
5659
5661
5662
5663
5664
5665
5666
5667
5668
5669
5670
5671
5672
5673
5674
5675
5676
5677
5679
5680
5681
5682
5683
5684
5685
5686
5687
5688
5689
5690
5691
5693
5695
5697
5698
5699
5700
5701
5702
5703
5704
5706
5707
5708
5709
5710
5711
5712
5713
5714
5715
5716
5717
5718
5719
5720
5721
5722
5723
5724
5725
5726
5727
5728
5729
5730
5731
5732
5733
5734
5735
5736
5737
5738
5740
5741
5742
5743
5745
5746
5747
5748
5749
5750
5751
5752
5753
5754
5755
5756
5758
5761
5762
5763
5764
5767
5768
5769
5770
5771
5772
5773
5774
5775
5776
5777
5778
5779
5780
5781
5783
5784
5785
5787
5788
5789
5790
5791
5792
5793
5795
5796
5799
5800
5801
5802
5803
5804
5805
5806
5807
5808
5809
5810
5811
5813
5814
5815
5816
5817
5818
5819
5820
5821
5822
5823
5824
5825
5826
5827
5828
5829
5830
5831
5832
5833
5834
5835
5836
5839
5840
5841
5842
5843
5844
5845
5846
5847
5849
5850
5852
5853
5854
5856
5857
5858
5860
5861
5862
5863
5864
5865
5867
5868
5869
5870
5871
5872
5873
5874
5875
5876
5877
5879
5880
5881
5882
5883
5884
5885
5887
5888
5890
5891
5892
5893
5894
5895
5896
5897
5898
5899
5900
5901
5902
5903
5904
5905
5906
5907
5908
5909
5910
5911
5912
5913
5914
5915
5916
5917
5918
5919
5920
5921
5924
5925
5927
5928
5929
5930
5931
5932
5933
5934
5935
5937
5938
5939
5940
5941
5942
5944
5945
5946
5947
5948
5949
5950
5951
5952
5954
5955
5956
5957
5958
5959
5960
5961
5962
5963
5964
5965
5966
5967
5969
5970
5971
5973
5974
5975
5976
5977
5978
5980
5983
5984
5985
5986
5987
5988
5989
5990
5993
5994
5995
5996
5997
5998
6001
6002
6003
6004
6005
6006
6007
6010
6011
6012
6013
6014
6015
6016
6017
6018
6019
6020
6021
6022
6023
6024
6025
6026
6027
6028
6029
6030
6031
6032
6033
6034
6035
6036
6037
6038
6039
6040
6042
6043
6044
6045
6046
6047
6048
6049
6050
6051
6052
6053
6054
6055
6056
6058
6059
6060
6061
6063
6064
6065
6066
6068
6069
6071
6072
6073
6074
6075
6076
6077
6078
6082
6083
6084
6085
6087
6088
6089
6090
6092
6094
6095
6096
6097
6098
6099
6100
6101
6102
6103
6104
6105
6106
6107
6109
6110
6111
6113
6114
6115
6116
6118
6119
6120
6122
6123
6124
6125
6126
6127
6128
6129
6130
6131
6132
6133
6134
6135
6136
6137
6138
6139
6140
6141
6142
6143
6145
6146
6147
6148
6149
6150
6151
6152
6153
6154
6155
6157
6158
6161
6162
6163
6164
6166
6167
6168
6169
6170
6171
6172
6174
6175
6176
6177
6178
6179
6180
6181
6182
6183
6184
6185
6186
6187
6188
6189
6190
6191
6192
6193
6194
6195
6196
6197
6199
6200
6201
6202
6204
6205
6206
6207
6208
6210
6211
6213
6215
6216
6217
6218
6219
6221
6223
6224
6225
6226
6227
6229
6230
6232
6233
6234
6235
6238
6239
6240
6241
6242
6243
6244
6245
6246
6247
6248
6249
6250
6252
6253
6255
6256
6257
6258
6259
6260
6261
6262
6263
6264
6265
6266
6267
6268
6269
6270
6271
6272
6273
6274
6275
6276
6277
6278
6279
6280
6281
6282
6283
6284
6285
6286
6287
6288
6289
6290
6291
6292
6293
6294
6295
6296
6297
6298
6299
6300
6301
6302
6303
6304
6305
6306
6307
6308
6309
6310
6311
6312
6313
6314
6315
6316
6317
6318
6320
6321
6322
6323
6324
6325
6326
6327
6330
6331
6332
6333
6334
6335
6337
6338
6339
6340
6341
6343
6345
6346
6347
6348
6349
6351
6352
6353
6354
6355
6356
6357
6361
6362
6363
6364
6365
6366
6367
6368
6369
6370
6371
6372
6373
6374
6375
6376
6377
6379
6380
6381
6382
6383
6384
6385
6386
6387
6388
6389
6391
6392
6393
6394
6395
6396
6397
6399
6400
6401
6402
6403
6404
6405
6406
6407
6408
6409
6410
6411
6413
6414
6415
6416
6417
6418
6419
6421
6422
6423
6424
6425
6426
6427
6428
6429
6430
6431
6433
6434
6435
6436
6437
6438
6440
6441
6442
6443
6444
6445
6446
6448
6449
6450
6451
6452
6453
6454
6455
6456
6457
6458
6459
6460
6461
6462
6463
6465
6466
6467
6468
6469
6470
6471
6472
6473
6474
6475
6476
6477
6478
6479
6480
6481
6482
6483
6485
6486
6487
6488
6489
6490
6491
6492
6493
6494
6496
6497
6498
6499
6500
6501
6502
6503
6504
6505
6506
6507
6508
6509
6510
6511
6512
6513
6514
6515
6516
6517
6519
6520
6521
6522
6523
6524
6525
6526
6527
6528
6529
6531
6533
6534
6535
6536
6537
6538
6539
6540
6541
6542
6543
6544
6545
6546
6547
6548
6549
6550
6551
6552
6553
6554
6555
6557
6559
6560
6561
6562
6563
6564
6565
6566
6567
6568
6569
6570
6571
6572
6573
6574
6576
6577
6578
6579
6580
6582
6583
6584
6585
6586
6587
6588
6589
6590
6591
6592
6593
6594
6595
6596
6598
6600
6601
6602
6603
6604
6605
6606
6607
6608
6609
6610
6611
6613
6614
6615
6616
6617
6618
6619
6620
6621
6622
6623
6624
6625
6627
6628
6629
6630
6631
6632
6633
6634
6635
6636
6637
6638
6639
6640
6641
6642
6643
6644
6645
6646
6648
6649
6650
6651
6652
6653
6654
6655
6656
6657
6658
6659
6660
6661
6662
6663
6664
6665
6666
6667
6668
6669
6670
6671
6672
6673
6674
6675
6676
6677
6678
6679
6680
6682
6683
6684
6685
6686
6687
6688
6689
6690
6691
6692
6693
6694
6695
6696
6697
6698
6699
6700
6701
6702
6703
6704
6705
6706
6707
6708
6709
6710
6712
6713
6714
6715
6716
6717
6719
6720
6721
6722
6723
6724
6725
6726
6727
6728
6729
6731
6732
6733
6734
6735
6736
6737
6738
6739
6740
6741
6742
6743
6744
6745
6746
6747
6749
6750
6751
6752
6753
6754
6755
6756
6757
6758
6759
6760
6761
6762
6763
6764
6765
6766
6767
6768
6769
6770
6771
6772
6773
6774
6776
6777
6778
6779
6780
6781
6782
6783
6784
6785
6786
6787
6788
6789
6790
6791
6792
6793
6794
6795
6796
6797
6798
6799
6800
6801
6802
6803
6804
6805
6806
6807
6808
6809
6810
6811
6812
6813
6814
6815
6816
6817
6818
6819
6820
6821
6822
6823
6824
6825
6826
6827
6828
6830
6831
6832
6833
6834
6835
6836
6837
6838
6839
6840
6841
6842
6843
6844
6845
6846
6847
6848
6849
6850
6851
6852
6853
6855
6857
6858
6859
6860
6861
6862
6863
6864
6865
6866
6867
6868
6869
6870
6871
6872
6873
6874
6875
6876
6877
6878
6879
6880
6881
6882
6883
6884
6885
6886
6887
6888
6889
6890
6891
6892
6893
6894
6895
6896
6897
6898
6899
6900
6901
6902
6903
6904
6905
6906
6907
6908
6909
6910
6911
6912
6913
6914
6915
6916
6917
6918
6919
6920
6921
6922
6923
6924
6925
6926
6927
6929
6930
6931
6932
6933
6934
6935
6936
6937
6938
6939
6940
6941
6942
6943
6944
6945
6946
6947
6948
6949
6951
6952
6953
6954
6955
6956
6957
6958
6959
6960
6961
6962
6963
6964
6965
6966
6967
6968
6969
6970
6971
6972
6973
6974
6975
6976
6977
6978
6979
6980
6981
6982
6983
6984
6985
6986
6987
6988
6989
6990
6991
6992
6993
6994
6995
6997
6998
6999
7000
7001
7002
7003
7004
7005
7006
7007
7008
7009
7010
7011
7012
7013
7014
7015
7016
7017
7018
7019
7020
7021
7022
7023
7024
7025
7026
7027
7028
7029
7030
7031
7032
7033
7034
7035
7036
7037
7038
7039
7040
7041
7042
7043
7044
7045
7046
7047
7048
7049
7050
7051
7052
7053
7054
7055
7056
7057
7058
7059
7060
7061
7062
7064
7065
7066
7067
7068
7069
7070
7072
7073
7074
7075
7076
7077
7078
7079
7080
7081
7082
7083
7084
7086
7088
7089
7091
7092
7093
7094
7095
7096
7097
7098
7099
7100
7101
7102
7103
7104
7105
7106
7107
7108
7109
7111
7113
7114
7115
7116
7117
7118
7119
7120
7121
7122
7123
7124
7125
7126
7127
7128
7132
7133
7134
7135
7136
7137
7138
7139
7140
7141
7142
7143
7144
7145
7146
7147
7148
7149
7150
7151
7152
7153
7155
7156
7157
7158
7160
7161
7162
7163
7164
7165
7166
7167
7168
7169
7170
7171
7172
7173
7174
7175
7177
7178
7179
7181
7182
7183
7184
7185
7186
7187
7189
7190
7191
7192
7193
7194
7195
7196
7197
7198
7199
7200
7201
7202
7203
7204
7205
7206
7207
7208
7211
7212
7213
7214
7215
7217
7218
7219
7220
7222
7223
7224
7225
7226
7228
7229
7230
7231
7232
7233
7234
7235
7236
7237
7238
7240
7242
7244
7245
7246
7247
7248
7249
7250
7251
7252
7253
7255
7256
7257
7258
7259
7260
7261
7262
7263
7264
7265
7266
7268
7269
7270
7271
7274
7275
7276
7277
7278
7279
7280
7281
7283
7284
7286
7287
7288
7290
7291
7292
7294
7295
7296
7297
7298
7299
7300
7301
7303
7304
7305
7307
7308
7310
7311
7312
7313
7314
7315
7316
7317
7318
7319
7320
7322
7323
7324
7325
7326
7327
7328
7329
7330
7332
7333
7334
7335
7336
7337
7338
7339
7340
7341
7342
7343
7344
7346
7348
7350
7351
7352
7353
7354
7355
7356
7357
7358
7359
7360
7361
7362
7363
7364
7365
7367
7372
7373
7374
7376
7379
7380
7381
7382
7383
7384
7385
7386
7387
7388
7390
7391
7392
7393
7394
7395
7396
7397
7398
7399
7400
7401
7402
7403
7404
7405
7406
7407
7409
7410
7411
7412
7413
7414
7415
7416
7417
7419
7420
7421
7422
7425
7426
7427
7428
7429
7430
7431
7432
7433
7434
7435
7436
7437
7438
7439
7440
7441
7443
7444
7445
7446
7447
7448
7449
7450
7451
7452
7453
7454
7455
7456
7457
7458
7459
7460
7461
7462
7463
7464
7465
7467
7469
7470
7471
7472
7473
7474
7475
7476
7477
7479
7480
7481
7482
7484
7485
7486
7487
7488
7489
7490
7491
7492
7493
7494
7495
7496
7497
7498
7499
7500
7501
7503
7504
7505
7506
7507
7508
7509
7510
7511
7512
7513
7514
7515
7516
7517
7518
7519
7520
7521
7522
7523
7524
7526
7527
7528
7529
7530
7534
7536
7539
7540
7541
7542
7543
7546
7547
7548
7549
7550
7551
7552
7553
7554
7555
7556
7558
7560
7561
7562
7564
7565
7566
7567
7568
7569
7570
7571
7572
7573
7574
7575
7577
7580
7581
7582
7583
7584
7585
7589
7590
7591
7592
7593
7594
7595
7598
7599
7600
7601
7602
7603
7604
7606
7607
7608
7609
7611
7612
7613
7615
7616
7617
7618
7620
7621
7622
7623
7624
7625
7627
7628
7629
7632
7633
7635
7636
7637
7638
7639
7640
7641
7643
7644
7646
7647
7648
7649
7650
7651
7652
7653
7654
7655
7656
7657
7658
7659
7660
7661
7662
7663
7664
7665
7666
7667
7668
7669
7670
7671
7673
7674
7675
7676
7677
7678
7679
7681
7683
7684
7685
7686
7688
7689
7691
7694
7695
7696
7699
7701
7702
7703
7704
7705
7706
7709
7710
7711
7712
7713
7715
7717
7718
7720
7721
7722
7724
7725
7726
7727
7728
7729
7730
7731
7732
7733
7734
7735
7736
7737
7738
7739
7740
7742
7743
7744
7745
7746
7747
7748
7749
7750
7751
7754
7755
7756
7757
7758
7759
7760
7761
7762
7763
7764
7765
7766
7767
7768
7769
7770
7771
7772
7773
7774
7777
7779
7780
7782
7784
7786
7787
7789
7790
7791
7792
7793
7794
7795
7796
7797
7798
7799
7800
7801
7802
7803
7804
7805
7806
7807
7808
7809
7810
7811
7812
7814
7815
7816
7817
7818
7820
7822
7823
7824
7825
7826
7827
7828
7829
7830
7832
7833
7834
7835
7836
7837
7838
7841
7842
7843
7844
7845
7846
7847
7848
7849
7850
7851
7852
7853
7854
7855
7856
7857
7858
7860
7862
7863
7864
7866
7867
7869
7870
7871
7872
7873
7874
7875
7877
7878
7879
7880
7881
7882
7883
7884
7885
7886
7887
7889
7890
7892
7897
7898
7899
7900
7901
7902
7904
7905
7906
7907
7908
7909
7911
7912
7913
7914
7915
7916
7917
7918
7919
7920
7921
7924
7928
7929
7930
7931
7932
7933
7936
7937
7938
7939
7940
7941
7942
7943
7957
7961
7962
7964
7968
7969
7970
7971
7972
7973
7975
7976
7977
7978
7979
7981
7983
7986
7987
7988
8039
8040
8096
8099
8129
8130
8131
8132
8133
8134
8135
8136
8137
8138
8139
8140
8141
8142
8143
8144
8145
8146
8147
8148
8149
8150
8151
8152
8153
8154
8155
8156
8157
8158
8159
8160
8161
8162
8163
8164
8165
8166
8167
8168
8169
8170
8171
8172
8173
8175
8176
8177
8178
8179
8180
8181
8182
8183
8184
8185
8186
8187
8188
8189
8190
8191
8192
8193
8194
8195
8196
8197
8198
8199
8200
8201
8202
8203
8204
8205
8206
8207
8208
8209
8210
8211
8212
8213
8214
8215
8216
8217
8218
8219
8220
8221
8222
8223
8224
8225
8227
8228
8229
8230
8231
8232
8233
8234
8235
8237
8239
8240
8241
8242
8243
8244
8245
8246
8247
8248
8249
8250
8251
8252
8253
8254
8255
8256
8257
8258
8259
8260
8261
8262
8263
8264
8265
8266
8267
8268
8269
8270
8271
8272
8273
8275
8276
8277
8278
8279
8280
8281
8282
8283
8284
8285
8286
8287
8288
8289
8290
8291
8292
8293
8294
8295
8296
8297
8298
8299
8300
8301
8302
8303
8304
8305
8306
8307
8308
8309
8311
8312
8313
8315
8316
8317
8318
8319
8320
8321
8322
8323
8324
8325
8326
8327
8330
8331
8332
8333
8339
8340
8341
8342
8343
8344
8345
8346
8347
8348
8349
8351
8352
8353
8354
8355
8357
8358
8359
8360
8361
8362
8363
8364
8365
8366
8367
8368
8369
8370
8371
8372
8373
8374
8375
8376
8377
8378
8379
8380
8382
8383
8384
8386
8387
8389
8390
8391
8392
8393
8394
8395
8396
8398
8399
8400
8401
8402
8404
8405
8406
8407
8408
8410
8411
8412
8413
8414
8415
8416
8417
8418
8420
8421
8422
8423
8424
8425
8426
8427
8428
8429
8430
8431
8432
8433
8434
8435
8436
8437
8438
8439
8440
8441
8442
8443
8444
8445
8446
8447
8448
8449
8450
8451
8452
8453
8454
8455
8456
8457
8458
8459
8460
8461
8462
8463
8464
8465
8466
8467
8468
8469
8470
8471
8472
8473
8474
8475
8476
8477
8478
8480
8481
8483
8485
8486
8487
8488
8489
8490
8491
8492
8493
8494
8495
8496
8497
8498
8500
8501
8502
8503
8504
8505
8506
8507
8508
8509
8510
8511
8512
8513
8514
8515
8516
8517
8518
8519
8520
8521
8522
8523
8524
8525
8526
8527
8528
8529
8530
8531
8531
8532
8533
8534
8535
8536
8537
8538
8539
8540
8541
8542
8543
8544
8545
8546
8548
8549
8550
8551
8552
8553
8554
8555
8556
8557
8558
8559
8560
8561
8562
8563
8564
8565
8567
8568
8569
8570
8571
8572
8573
8574
8575
8576
8577
8578
8579
8580
8581
8582
8583
8584
8585
8586
8587
8588
8589
8590
8591
8592
8593
8594
8595
8596
8597
8598
8599
8600
8603
8605
8606
8607
8608
8609
8610
8611
8612
8613
8616
8617
8618
8619
8620
8621
8622
8623
8625
8626
8627
8628
8629
8630
8631
8632
8633
8634
8635
8636
8637
8638
8639
8640
8641
8642
8643
8644
8645
8646
8647
8648
8649
8650
8651
8652
8653
8654
8655
8656
8658
8659
8660
8661
8662
8663
8664
8665
8666
8667
8668
8669
8670
8671
8672
8673
8674
8675
8677
8678
8679
8680
8681
8682
8683
8684
8685
8686
8687
8688
8689
8691
8692
8693
8695
8696
8697
8698
8699
8700
8701
8702
8703
8704
8705
8706
8707
8708
8709
8710
8711
8712
8713
8714
8715
8716
8717
8718
8719
8720
8721
8722
8723
8724
8725
8726
8727
8728
8729
8730
8731
8732
8733
8734
8735
8736
8737
8738
8741
8742
8743
8744
8745
8746
8747
8748
8749
8750
8751
8752
8753
8754
8755
8756
8757
8758
8759
8760
8761
8762
8763
8764
8765
8766
8767
8768
8769
8772
8773
8774
8775
8776
8777
8778
8779
8780
8781
8782
8783
8784
8785
8786
8787
8788
8789
8790
8791
8792
8793
8794
8795
8796
8797
8798
8799
8800
8801
8802
8803
8804
8805
8806
8807
8808
8809
8810
8811
8812
8813
8815
8816
8817
8818
8819
8820
8821
8822
8823
8824
8825
8826
8827
8828
8829
8830
8831
8832
8833
8834
8835
8837
8838
8839
8840
8841
8842
8843
8844
8845
8846
8847
8848
8849
8850
8851
8852
8853
8854
8855
8856
8858
8859
8860
8861
8862
8863
8864
8865
8866
8867
43657
43658
43659
43660
43661
43662
43663
43664
43665
43666
43668
43669
43670
43671
43672
43673
43674
43675
43676
43677
43678
43679
43680
43682
43683
43684
43685
43686
43687
43688
43689
43690
43691
43692
43693
43694
43695
43697
43698
43699
43700
43701
43702
43703
43704
43705
43706
43707
43708
43709
43710
43711
43712
43713
43714
43715
43716
43717
43718
43719
43720
43721
43722
43723
43724
43725
43726
43727
43728
43729
43730
43731
43732
43733
43734
43735
43736
43737
43738
43739
43740
43741
43742
43743
43744
43746
43747
43748
43749
43750
43751
43752
43753
43754
43756
43757
43758
43759
43761
43762
43763
43764
43765
43766
43767
43768
43769
43770
43772
43773
43774
43776
43777
43778
43779
43782
43783
43784
43785
43786
43787
43788
43789
43791
43792
43793
43794
43795
43796
43797
43799
43802
43804
43806
43807
43808
43809
43810
43812
43813
43814
43815
43816
43818
43820
43821
43822
43823
43824
43825
43826
43827
43828
43829
43831
43832
43833
43834
43835
43836
43838
43839
43840
43841
43843
43844
43845
43847
43848
43849
43850
43851
43855
43856
43858
43859
43861
43862
43863
43864
43865
43866
43867
43868
43869
43870
43871
43872
43873
43874
43875
43876
43877
43879
43880
43881
43884
43885
43886
43887
43888
43889
43890
43891
43892
43893
43894
43896
43898
43901
43902
43904
43906
43907
43908
43909
43910
43911
43912
43913
43914
43915
43917
43918
43919
43925
43926
43927
43928
43930
43931
43935
43936
43937
43938
43941
43944
43945
43950
43951
43952
43953
43954
43956
43959
43960
43962
43964
43966
43968
43969
43970
43972
43973
43974
43975
43978
43979
43980
43981
43982
43984
43985
43989
43990
43991
43992
43995
43996
43997
43998
43999
44000
44001
44002
44003
44004
44005
44006
44007
44008
44009
44010
44012
44013
44015
44016
44017
44018
44019
44020
44021
44022
44023
44024
44025
44026
44027
44028
44029
44030
44031
44032
44033
44034
44035
44036
44037
44038
44039
44040
44041
44042
44043
44044
44045
44046
44047
44048
44049
44050
44051
44052
44053
44054
44055
44056
44057
44058
44059
44060
44061
44062
44063
44064
44065
44066
44067
44069
44070
44071
44072
44073
44074
44075
44076
44077
44078
44079
44080
44081
44082
44083
44084
44085
44086
44087
44088
44089
44090
44091
44092
44093
44094
44095
44096
44097
44098
44099
44100
44101
44102
44103
44104
44105
44106
44107
44108
44109
44110
44111
44113
44115
44116
44117
44118
44119
44120
44121
44122
44123
44124
44125
44126
44127
44128
44129
44130
44131
44132
44133
44134
44135
44136
44137
44138
44139
44140
44141
44142
44143
44144
44145
44146
44147
44148
44149
44150
44151
44152
44153
44154
44155
44156
44157
44158
44159
44160
44161
44164
44166
44167
44168
44169
44170
44171
44172
44173
44174
44175
44176
44177
44178
44179
44180
44181
44184
44185
44186
44187
44189
44190
44191
44192
44193
44194
44195
44196
44197
44198
44199
44200
44204
44205
44206
44207
44208
44209
44210
44211
44212
44213
44214
44215
44216
44217
44218
44219
44220
44221
44223
44224
44225
44226
44227
44228
44229
44231
44232
44233
44234
44235
44236
44237
44238
44239
44240
44241
44242
44243
44244
44245
44246
44247
44248
44249
44250
44251
44252
44253
44254
44255
44256
44257
44258
44259
44260
44261
44262
44263
44264
44265
44266
44267
44268
44269
44270
44271
44272
44273
44274
44275
44276
44277
44278
44279
44280
44281
44282
44283
44284
44285
44286
44287
44288
44289
44290
44291
44292
44293
44294
44295
44296
44297
44298
44299
44300
44301
44302
44303
44304
44305
44306
44307
44308
44309
44310
44311
44312
44313
44314
44315
44316
44317
44318
44319
44320
44321
44322
44323
44324
44325
44326
44327
44328
44329
44330
44331
44332
44333
44334
44335
44336
44337
44338
44339
44340
44341
44342
44343
44344
44345
44346
44347
44348
44349
44350
44351
44352
44353
44354
44355
44356
44357
44358
44359
44360
44361
44362
44363
44364
44365
44366
44367
44368
44369
44370
44371
44372
44373
44374
44375
44377
44378
44379
44380
44382
44383
44384
44386
44387
44388
44389
44390
44391
44392
44393
44394
44395
44396
44397
44398
44399
44400
44401
44402
44403
44404
44405
44406
44407
44408
44410
44412
44413
44414
44415
44416
44417
44418
44419
44420
44421
44422
44423
44424
44425
44426
44427
44428
44429
44430
44431
44432
44433
44434
44435
44436
44437
44438
44439
44440
44441
44442
44443
44444
44445
44446
44447
44448
44449
44450
44451
44452
44453
44454
44455
44456
44457
44458
44459
44460
44461
44462
44463
44464
44465
44466
44467
44468
44469
44470
44471
44472
44473
44474
44475
44476
44477
44478
44480
44482
44483
44484
44485
44486
44487
44488
44489
44490
44491
44492
44493
44494
44495
44496
44497
44498
44499
44500
44501
44502
44503
44504
44505
44506
44507
44508
44509
44510
44511
44512
44513
44514
44515
44516
44517
44519
44520
44521
44522
44523
44524
44525
44526
44527
44528
44529
44530
44531
44532
44533
44534
44535
44536
44537
44538
44539
44540
44541
44542
44543
44544
44545
44546
44547
44548
44549
44550
44551
44552
44553
44554
44555
44556
44557
44558
44559
44560
44561
44564
44565
44566
44567
44568
44569
44570
44571
44573
44574
44575
44576
44577
44579
44581
44582
44585
44586
44587
44588
44589
44590
44591
44592
44593
44594
44595
44596
44597
44598
44599
44600
44601
44602
44603
44604
44605
44607
44609
44610
44611
44612
44613
44614
44615
44616
44617
44618
44619
44620
44621
44624
44625
44626
44627
44628
44629
44630
44631
44632
44633
44634
44635
44636
44637
44638
44639
44640
44642
44643
44644
44645
44646
44647
44648
44651
44652
44653
44654
44655
44656
44657
44658
44660
44661
44662
44663
44664
44665
44666
44667
44669
44670
44671
44672
44673
44674
44675
44676
44677
44678
44679
44680
44681
44682
44683
44684
44685
44686
44687
44688
44689
44690
44691
44692
44694
44695
44696
44697
44698
44700
44704
44705
44706
44707
44708
44709
44710
44711
44712
44714
44715
44716
44717
44718
44719
44720
44721
44722
44723
44724
44725
44726
44727
44728
44729
44730
44731
44732
44733
44734
44735
44737
44738
44739
44740
44741
44742
44743
44744
44745
44747
44748
44749
44750
44751
44752
44753
44754
44755
44756
44757
44758
44759
44760
44761
44762
44763
44765
44766
44768
44769
44770
44771
44772
44773
44776
44777
44778
44779
44780
44781
44782
44783
44784
44785
44786
44787
44788
44789
44790
44791
44792
44793
44794
44795
44796
44797
44798
44799
44800
44801
44802
44803
44804
44805
44806
44807
44808
44809
44810
44811
44812
44813
44814
44815
44816
44817
44820
44821
44822
44823
44824
44825
44826
44827
44828
44829
44830
44831
44834
44835
44836
44837
44840
44841
44842
44843
44844
44845
44846
44847
44848
44849
44850
44851
44852
44853
44854
44855
44856
44857
44858
44859
44860
44861
44862
44863
44866
44867
44868
44869
44870
44871
44872
44873
44874
44875
44876
44877
44878
44879
44880
44881
44882
44883
44884
44885
44886
44887
44888
44889
44890
44891
44892
44893
44895
44896
44897
44899
44900
44901
44902
44903
44904
44905
44906
44907
44908
44909
44910
44911
44912
44913
44914
44915
44916
44917
44918
44919
44920
44921
44922
44923
44924
44925
44926
44927
44928
44929
44930
44931
44932
44933
44934
44935
44936
44937
44939
44940
44941
44942
44946
44947
44948
44949
44950
44951
44952
44953
44954
44955
44956
44957
44958
44961
44962
44963
44964
44965
44966
44967
44968
44969
44970
44971
44972
44973
44974
44975
44976
44977
44978
44979
44980
44981
44982
44983
44984
44985
44986
44987
44988
44989
44990
44991
44993
44994
44995
44996
44997
44998
44999
45000
45001
45002
45003
45004
45005
45006
45007
45008
45009
45010
45011
45012
45013
45014
45015
45017
45018
45019
45020
45021
45022
45023
45024
45025
45026
45027
45029
45030
45032
45033
45035
45036
45037
45038
45039
45040
45041
45042
45043
45045
45046
45047
45048
45049
45050
45051
45052
45053
45054
45055
45056
45057
45058
45059
45060
45061
45062
45063
45064
45065
45066
45067
45068
45069
45070
45071
45073
45074
45075
45076
45077
45078
45079
45080
45081
45082
45083
45084
45085
45086
45087
45088
45089
45090
45091
45092
45093
45094
45095
45096
45097
45098
45099
45100
45102
45103
45104
45105
45106
45107
45108
45109
45110
45111
45113
45114
45115
45116
45117
45118
45119
45120
45121
45122
45123
45124
45127
45128
45129
45130
45131
45132
45133
45134
45135
45136
45137
45138
45139
45141
45142
45143
45145
45146
45147
45149
45150
45151
45152
45153
45154
45155
45156
45157
45158
45159
45160
45161
45162
45163
45165
45168
45169
45171
45173
45174
45176
45177
45179
45180
45181
45182
45183
45184
45185
45187
45188
45189
45190
45191
45192
45193
45196
45197
45198
45199
45200
45201
45202
45203
45204
45205
45207
45208
45209
45210
45211
45212
45213
45214
45215
45216
45217
45218
45219
45220
45221
45222
45223
45224
45225
45226
45227
45228
45229
45230
45231
45232
45233
45234
45235
45236
45237
45238
45239
45240
45241
45242
45243
45244
45245
45246
45247
45248
45249
45250
45251
45252
45253
45254
45255
45256
45257
45258
45259
45260
45262
45263
45264
45265
45266
45269
45270
45271
45272
45273
45274
45275
45276
45277
45278
45279
45280
45281
45282
45283
45284
45285
45287
45289
45290
45291
45292
45293
45294
45295
45296
45297
45298
45299
45300
45301
45302
45304
45305
45307
45308
45309
45310
45311
45312
45313
45314
45315
45316
45317
45318
45319
45320
45321
45324
45325
45327
45330
45332
45333
45334
45336
45337
45338
45339
45341
45342
45343
45344
45345
45346
45347
45348
45349
45350
45351
45352
45353
45354
45355
45356
45357
45358
45359
45360
45361
45362
45363
45364
45365
45366
45367
45368
45369
45370
45371
45372
45373
45374
45376
45377
45378
45379
45380
45381
45382
45383
45384
45385
45386
45387
45390
45391
45392
45393
45394
45395
45396
45397
45398
45399
45400
45401
45402
45403
45406
45407
45408
45410
45411
45412
45413
45414
45415
45416
45418
45419
45420
45421
45422
45423
45424
45425
45426
45427
45428
45429
45430
45431
45432
45433
45434
45436
45437
45438
45439
45440
45441
45442
45443
45445
45449
45450
45451
45452
45453
45455
45456
45457
45458
45459
45460
45461
45462
45463
45464
45465
45466
45467
45468
45469
45470
45471
45472
45473
45474
45476
45477
45478
45479
45480
45481
45482
45483
45484
45486
45487
45488
45489
45490
45491
45492
45493
45494
45496
45497
45498
45499
45500
45502
45503
45504
45505
45506
45507
45508
45509
45510
45511
45512
45513
45515
45516
45518
45519
45520
45521
45522
45523
45524
45525
45526
45527
45528
45529
45530
45531
45532
45533
45534
45535
45536
45537
45538
45539
45540
45541
45542
45543
45544
45545
45546
45547
45548
45549
45550
45551
45552
45553
45554
45555
45556
45557
45558
45559
45560
45561
45562
45563
45564
45568
45569
45570
45574
45575
45576
45577
45579
45580
45581
45582
45583
45585
45586
45587
45588
45589
45590
45591
45592
45593
45594
45595
45596
45597
45599
45600
45601
45602
45603
45604
45605
45606
45607
45608
45609
45610
45611
45612
45613
45614
45615
45616
45617
45618
45619
45620
45622
45624
45626
45627
45628
45629
45631
45632
45633
45634
45635
45636
45637
45638
45639
45640
45641
45642
45643
45645
45646
45647
45648
45649
45650
45651
45652
45653
45654
45655
45656
45657
45658
45659
45661
45662
45663
45664
45665
45666
45667
45668
45669
45670
45671
45672
45673
45675
45676
45677
45678
45680
45681
45682
45685
45686
45687
45688
45689
45690
45691
45693
45694
45696
45697
45698
45699
45700
45701
45702
45703
45704
45705
45708
45709
45710
45711
45712
45713
45714
45715
45716
45717
45718
45719
45720
45721
45722
45723
45724
45725
45727
45728
45729
45731
45733
45734
45735
45736
45737
45738
45739
45740
45742
45743
45744
45745
45746
45747
45748
45749
45750
45751
45753
45754
45755
45756
45757
45758
45759
45760
45761
45762
45763
45764
45766
45767
45768
45769
45770
45771
45772
45773
45774
45775
45776
45777
45778
45779
45780
45781
45782
45783
45784
45786
45787
45788
45789
45790
45791
45792
45793
45794
45795
45796
45797
45798
45799
45800
45801
45802
45803
45804
45805
45806
45807
45809
45810
45811
45812
45813
45814
45815
45816
45818
45819
45820
45821
45822
45823
45824
45825
45826
45827
45828
45829
45830
45831
45832
45834
45835
45836
45837
45838
45839
45840
45841
45842
45843
45844
45846
45847
45848
45849
45850
45851
45852
45853
45854
45855
45856
45857
45858
45859
45860
45861
45862
45863
45864
45865
45866
45867
45868
45869
45870
45871
45872
45873
45874
45875
45876
45878
45879
45880
45881
45882
45883
45884
45885
45886
45887
45888
45889
45890
45891
45892
45893
45894
45895
45896
45897
45898
45899
45900
45901
45902
45903
45904
45905
45906
45907
45908
45909
45910
45911
45912
45913
45914
45915
45917
45918
45919
45920
45921
45922
45923
45924
45925
45926
45927
45928
45929
45930
45931
45932
45934
45935
45936
45937
45938
45939
45940
45941
45942
45943
45944
45945
45947
45948
45949
45950
45951
45952
45953
45954
45955
45956
45957
45958
45959
45960
45962
45963
45964
45965
45966
45967
45968
45969
45970
45971
45972
45973
45974
45975
45976
45977
45979
45980
45981
45982
45983
45984
45985
45986
45987
45988
45989
45990
45991
45992
45993
45994
45995
45996
45997
45998
45999
46000
46001
46002
46004
46005
46007
46008
46009
46010
46011
46012
46013
46014
46015
46016
46017
46018
46019
46020
46021
46022
46023
46024
46025
46026
46027
46028
46029
46030
46031
46032
46033
46034
46035
46036
46037
46038
46039
46041
46042
46043
46044
46045
46046
46047
46049
46050
46051
46052
46053
46054
46056
46057
46058
46059
46060
46061
46063
46064
46106
46107
46108
46109
46110
46111
46112
46113
46114
46115
46116
46118
46119
46121
46122
46123
46124
46126
46127
46128
46129
46130
46131
46132
46133
46134
46135
46136
46137
46138
46139
46140
46141
46142
46143
46144
46145
46146
46147
46148
46149
46150
46151
46154
46155
46156
46157
46158
46160
46161
46162
46163
46164
46165
46166
46167
46168
46169
46170
46171
46172
46173
46174
46175
46176
46177
46178
46179
46180
46181
46182
46183
46184
46185
46187
46188
46189
46191
46192
46193
46194
46195
46196
46197
46198
46199
46201
46202
46203
46204
46205
46206
46207
46208
46209
46210
46211
46212
46213
46214
46215
46216
46217
46218
46219
46222
46223
46224
46225
46226
46227
46228
46229
46230
46231
46232
46237
46244
46245
46246
46247
46248
46249
46250
46251
46252
46253
46254
46255
46256
46257
46258
46259
46260
46261
46262
46263
46264
46265
46267
46268
46269
46270
46271
46272
46273
46274
46275
46276
46277
46279
46280
46281
46282
46283
46284
46285
46286
46287
46288
46290
46291
46292
46293
46294
46296
46297
46298
46299
46301
46303
46304
46305
46307
46308
46315
46316
46317
46318
46319
46320
46321
46322
46323
46324
46325
46326
46327
46328
46329
46330
46331
46332
46333
46334
46335
46336
46337
46338
46340
46341
46342
46343
46344
46345
46346
46347
46348
46349
46350
46353
46354
46355
46356
46358
46359
46360
46362
46364
46365
46366
46367
46368
46369
46370
46371
46373
46374
46375
46376
46377
46378
46379
46381
46382
46383
46384
46385
46386
46387
46388
46389
46390
46391
46393
46394
46396
46397
46398
46399
46400
46401
46402
46403
46405
46406
46407
46408
46409
46410
46411
46412
46413
46414
46415
46416
46417
46418
46421
46422
46424
46425
46426
46427
46428
46429
46430
46431
46432
46433
46434
46435
46436
46437
46438
46439
46441
46442
46443
46444
46445
46446
46447
46448
46449
46452
46453
46455
46456
46457
46458
46459
46460
46461
46462
46463
46464
46465
46466
46467
46468
46469
46470
46471
46472
46473
46474
46475
46476
46477
46478
46479
46480
46481
46482
46483
46485
46486
46487
46488
46489
46490
46493
46494
46495
46496
46497
46498
46499
46500
46501
46502
46503
46504
46505
46508
46509
46510
46511
46512
46514
46515
46516
46517
46518
46519
46520
46521
46522
46523
46524
46525
46526
46527
46528
46529
46530
46532
46534
46535
46536
46537
46538
46539
46540
46541
46542
46543
46544
46545
46546
46547
46548
46549
46551
46552
46553
46554
46555
46556
46557
46558
46559
46561
46562
46563
46564
46565
46566
46567
46568
46569
46570
46571
46572
46573
46574
46575
46576
46577
46578
46579
46580
46581
46582
46583
46584
46585
46586
46588
46589
46592
46593
46594
46595
46596
46597
46601
46602
46603
46604
46605
46606
46607
46608
46609
46610
46611
46613
46614
46615
46616
46617
46618
46619
46620
46621
46622
46623
46624
46625
46627
46628
46629
46630
46631
46632
46633
46635
46637
46639
46641
46642
46643
46644
46645
46648
46650
46651
46652
46653
46654
46655
46656
46657
46658
46659
46660
46661
46662
46663
46664
46665
46666
46667
46668
46669
46670
46671
46672
46673
46674
46675
46677
46678
46679
46680
46681
46682
46684
46685
46686
46687
46688
46689
46690
46691
46692
46693
46694
46695
46697
46698
46699
46701
46702
46703
46704
46705
46706
46707
46708
46709
46710
46711
46713
46714
46715
46716
46717
46718
46719
46720
46721
46722
46724
46725
46726
46727
46728
46729
46730
46731
46732
46733
46734
46735
46736
46737
46738
46740
46741
46742
46743
46744
46745
46746
46747
46748
46749
46750
46751
46752
46753
46754
46755
46756
46757
46758
46759
46760
46761
46762
46765
46766
46767
46768
46769
46770
46771
46772
46773
46774
46775
46777
46778
46779
46780
46781
46782
46783
46784
46785
46786
46787
46788
46789
46790
46791
46792
46794
46795
46796
46797
46798
46799
46800
46801
46802
46803
46804
46805
46806
46807
46809
46810
46811
46812
46813
46819
46820
46822
46823
46824
46825
46826
46827
46828
46829
46831
46833
46835
46842
46843
46844
46845
46846
46847
46848
46849
46851
46852
46853
46854
46855
46856
46857
46858
46859
46860
46861
46862
46864
46865
46866
46867
46868
46869
46870
46872
46873
46874
46875
46876
46877
46878
46879
46880
46881
46882
46883
46884
46885
46886
46887
46888
46889
46890
46892
46893
46894
46895
46896
46897
46898
46899
46900
46902
46903
46904
46906
46907
46908
46909
46910
46911
46912
46913
46914
46916
46917
46918
46919
46920
46921
46923
46924
46925
46926
46927
46928
46929
46930
46931
46932
46933
46934
46936
46937
46939
46940
46943
46944
46946
46947
46948
46949
46950
46955
46956
46957
46958
46959
46960
46962
46963
46965
46966
46967
46968
46969
46970
46971
46972
46973
46974
46975
46976
46978
46979
46980
46981
46982
46983
46984
46985
46986
46987
46988
46989
46990
46991
46992
46994
46995
46996
46997
46998
46999
47000
47001
47002
47004
47006
47007
47008
47009
47011
47012
47013
47014
47016
47017
47018
47019
47020
47021
47023
47024
47025
47026
47028
47029
47047
47048
47049
47050
47051
47052
47053
47054
47055
47056
47059
47060
47061
47063
47064
47065
47066
47067
47069
47070
47071
47072
47073
47074
47075
47076
47077
47078
47079
47080
47081
47082
47083
47084
47085
47086
47087
47088
47089
47092
47093
47094
47096
47098
47099
47100
47101
47103
47104
47105
47106
47107
47108
47109
47110
47111
47113
47114
47115
47116
47118
47119
47120
47121
47122
47123
47124
47125
47126
47127
47128
47129
47130
47131
47132
47133
47134
47135
47136
47137
47139
47140
47141
47142
47144
47145
47146
47149
47150
47151
47152
47153
47154
47155
47156
47157
47158
47159
47160
47161
47162
47163
47164
47165
47166
47167
47168
47169
47170
47171
47172
47174
47175
47177
47178
47179
47180
47181
47182
47183
47184
47199
47200
47202
47203
47204
47205
47206
47207
47208
47209
47210
47211
47212
47214
47221
47222
47223
47224
47226
47228
47229
47230
47231
47232
47234
47235
47236
47237
47238
47239
47240
47241
47242
47243
47244
47245
47247
47248
47249
47251
47252
47253
47254
47255
47256
47257
47258
47262
47263
47265
47266
47267
47268
47269
47270
47271
47272
47273
47274
47275
47278
47279
47280
47282
47285
47286
47287
47288
47289
47290
47292
47294
47295
47296
47297
47298
47299
47300
47301
47302
47304
47305
47306
47307
47309
47311
47312
47313
47314
47315
47316
47317
47318
47319
47320
47321
47322
47323
47324
47325
47326
47327
47329
47330
47331
47332
47334
47336
47337
47339
47341
47342
47343
47344
47346
47347
47349
47350
47351
47352
47353
47354
47355
47356
47357
47358
47359
47360
47361
47362
47363
47364
47365
47366
47368
47369
47370
47371
47372
47373
47374
47375
47376
47377
47378
47379
47380
47381
47382
47383
47384
47385
47386
47387
47388
47389
47390
47391
47392
47393
47394
47395
47396
47397
47397
47399
47400
47400
47402
47403
47403
47404
47405
47406
47407
47407
47408
47409
47409
47410
47411
47411
47413
47416
47417
47418
47418
47419
47420
47421
47421
47422
47422
47423
47423
47424
47424
47425
47425
47428
47428
47429
47429
47431
47431
47432
47432
47433
47434
47435
47436
47436
47437
47437
47438
47438
47439
47439
47440
47440
47442
47443
47443
47444
47444
47445
47445
47446
47447
47447
47448
47448
47449
47449
47451
47451
47452
47452
47453
47453
47454
47454
47456
47456
47457
47457
47458
47458
47460
47460
47462
47462
47463
47463
47464
47464
47465
47465
47466
47466
47467
47467
47468
47468
47469
47469
47471
47471
47473
47473
47474
47474
47475
47475
47476
47476
47479
47479
47480
47480
47481
47481
47484
47484
47485
47485
47486
47486
47487
47487
47488
47488
47489
47489
47491
47493
47494
47495
47496
47497
47499
47500
47501
47502
47504
47504
47506
47506
47507
47507
47508
47508
47509
47509
47510
47510
47511
47511
47512
47512
47513
47513
47514
47514
47515
47515
47516
47516
47517
47517
47518
47518
47520
47520
47521
47521
47523
47523
47524
47524
47525
47533
47533
47537
47537
47538
47538
47541
47541
47542
47542
47543
47543
47544
47544
47545
47545
47547
47547
47548
47548
47549
47550
47551
47552
47553
47554
47555
47557
47558
47559
47560
47571
47571
47573
47573
47575
47575
47578
47578
47581
47581
47585
47585
47586
47586
47588
47588
47589
47589
47595
47595
47607
47613
47613
47616
47616
47620
47620
47621
47621
47623
47623
47625
47625
47626
47626
47627
47627
47634
47634
47636
47636
47638
47638
47640
47640
47642
47643
47644
47645
47646
47647
47663
47663
47667
47667
47686
47687
47700
47701
47744
47745
47746
47747
47748
47749
47750
47817
47828
47829
47830
47831
47868
47869
47870
47871
47872
47873
47874
47875
47876
47877
47878
47879
47892
47897
47900
47901
47902
47903
47904
47921
47922
47923
47924
47929
47930
47931
47934
47935
47936
47937
47943
47951
47952
47953
47954
47955
47962
47963
47964
47965
47966
47967
47968
47975
47976
47977
47978
47979
47988
47990
47998
47999
48000
48002
48003
48008
48009
48010
48011
48012
48012
48022
48022
48023
48023
48024
48030
48031
48032
48033
48041
48042
48043
48044
48045
48045
48046
48047
48067
48069
48070
48070
48072
48073
48073
48074
48075
48075
48076
48076
48077
48087
48088
48089
48089
48094
48095
48096
48097
48098
48098
48099
48108
48109
48109
48110
48110
48111
48111
48112
48112
48113
48114
48115
48116
48116
48117
48118
48118
48119
48119
48120
48120
48121
48122
48122
48141
48142
48143
48144
48145
48147
48151
48152
48152
48153
48153
48154
48154
48155
48156
48158
48182
48202
48265
48265
48266
48267
48270
48283
48283
48284
48306
48307
48308
48309
48311
48312
48312
48313
48313
48314
48314
48315
48316
48316
48332
48393
48421
48422
48423
48433
48433
48450
944616
944626
944626
944665
944731
944731
944735
944736
944769
